Background Counts
A=1142742
C=1180091
G=1177437
T=1141382
N=0

Background Frequencies
A=0.2462
C=0.2542
G=0.2537
T=0.2459

Count Matrix:
-10 1436 299 2084 500 
-9 1220 250 2411 438 
-8 1577 349 1838 555 
-7 1602 483 1409 825 
-6 1464 630 1164 1061 
-5 1448 768 893 1210 
-4 1532 945 768 1074 
-3 1813 786 987 733 
-2 1124 1154 597 1444 
-1 1169 1138 669 1343 
0 3864 14 348 93 
1 24 13 13 4269 
2 14 24 4259 22 
3 2127 684 871 637 
4 1588 1225 715 791 
5 1420 834 701 1364 
6 1805 921 973 620 
7 1826 835 566 1092 
8 1335 831 904 1249 
9 1525 1024 859 911 
10 1322 935 548 1514 

Frequency Matrix:
-10 0.3325 0.0692 0.4825 0.1158 
-9 0.2825 0.0579 0.5582 0.1014 
-8 0.3651 0.0808 0.4256 0.1285 
-7 0.3709 0.1118 0.3262 0.1910 
-6 0.3390 0.1459 0.2695 0.2457 
-5 0.3353 0.1778 0.2068 0.2802 
-4 0.3547 0.2188 0.1778 0.2487 
-3 0.4198 0.1820 0.2285 0.1697 
-2 0.2602 0.2672 0.1382 0.3343 
-1 0.2707 0.2635 0.1549 0.3110 
0 0.8947 0.0032 0.0806 0.0215 
1 0.0056 0.0030 0.0030 0.9884 
2 0.0032 0.0056 0.9861 0.0051 
3 0.4925 0.1584 0.2017 0.1475 
4 0.3677 0.2836 0.1655 0.1831 
5 0.3288 0.1931 0.1623 0.3158 
6 0.4179 0.2132 0.2253 0.1436 
7 0.4228 0.1933 0.1310 0.2528 
8 0.3091 0.1924 0.2093 0.2892 
9 0.3531 0.2371 0.1989 0.2109 
10 0.3061 0.2165 0.1269 0.3505 

Weight Matrix:
-10 0.4335 -1.8767 0.9276 -1.0868 
-9 0.1983 -2.1350 1.1379 -1.2778 
-8 0.5686 -1.6537 0.7464 -0.9363 
-7 0.5913 -1.1849 0.3630 -0.3644 
-6 0.4614 -0.8015 0.0874 -0.0014 
-5 0.4455 -0.5158 -0.2950 0.1882 
-4 0.5269 -0.2166 -0.5125 0.0162 
-3 0.7698 -0.4824 -0.1506 -0.5350 
-2 0.0801 0.0717 -0.8759 0.4432 
-1 0.1367 0.0515 -0.7116 0.3386 
0 1.8615 -6.2934 -1.6545 -3.5135 
1 -5.4694 -6.4003 -6.3971 2.0071 
2 -6.2470 -5.5158 1.9588 -5.5932 
3 1.0003 -0.6829 -0.3310 -0.7375 
4 0.5787 0.1578 -0.6157 -0.4251 
5 0.4173 -0.3968 -0.6442 0.3610 
6 0.7634 -0.2537 -0.1712 -0.7765 
7 0.7801 -0.3951 -0.9528 0.0401 
8 0.3283 -0.4020 -0.2773 0.2339 
9 0.5203 -0.1007 -0.3510 -0.2213 
10 0.3142 -0.2319 -0.9995 0.5115 

Max score: 17.1160

lt-50 : 0
-24 2
-22 2
-20 2
-19 2
-18 4
-17 6
-16 5
-15 7
-14 6
-12 3
-11 3
-10 3
-9 2
-8 3
-7 6
-6 3
-5 4
-4 4
-3 8
-2 7
-1 29
0 35
1 79
2 105
3 140
4 259
5 335
6 476
7 549
8 637
9 607
10 468
11 281
12 159
13 55
14 20
15 3



